bash: cannot set terminal process group (-1): Inappropriate ioctl for device
bash: no job control in this shell
 
:: initializing oneAPI environment ...
   bash: BASH_VERSION = 5.0.17(1)-release
   args: Using "$@" for setvars.sh arguments: --force
:: compiler -- latest
:: debugger -- latest
:: dev-utilities -- latest
:: dpl -- latest
:: inspector -- latest
:: itac -- latest
:: mpi -- latest
:: tbb -- latest
:: oneAPI environment initialized ::
 
Radii {'Na': 1.02, 'Cl': 1.81}
No closest distances between the ions were provided
Relying on Shannon radii only
Charges: {'Cl': -1.0, 'Na': 1.0}
[[-2.61938145e-10  9.05364762e-01  4.52682381e-01 ...  2.07704921e-01
   1.93024416e-01  1.74237530e-01]
 [ 9.05364762e-01 -2.61938145e-10  9.05364762e-01 ...  2.13396521e-01
   2.07704921e-01  1.93024416e-01]
 [ 4.52682381e-01  9.05364762e-01 -2.61938145e-10 ...  2.07704921e-01
   2.13396521e-01  2.07704921e-01]
 ...
 [ 2.07704921e-01  2.13396521e-01  2.07704921e-01 ... -2.61938145e-10
   9.05364762e-01  4.52682381e-01]
 [ 1.93024416e-01  2.07704921e-01  2.13396521e-01 ...  9.05364762e-01
  -2.61938145e-10  9.05364762e-01]
 [ 1.74237530e-01  1.93024416e-01  2.07704921e-01 ...  4.52682381e-01
   9.05364762e-01 -2.61938145e-10]]
open_grid ~ generating matrix took 20.37052059173584 seconds.
Set parameter WLSAccessID
Set parameter WLSSecret
Set parameter LicenseID to value 2625987
Academic license 2625987 - for non-commercial use only - registered to mi___@snu.ac.kr
Variables and Constraints are generated
The objetive function was generated
Set parameter TimeLimit to value 15
Gurobi Optimizer version 12.0.0 build v12.0.0rc1 (linux64 - "Ubuntu 20.04.4 LTS")

CPU model: Intel(R) Xeon(R) CPU E5-2697 v4 @ 2.30GHz, instruction set [SSE2|AVX|AVX2]
Thread count: 36 physical cores, 36 logical processors, using up to 32 threads

Non-default parameters:
TimeLimit  15

Academic license 2625987 - for non-commercial use only - registered to mi___@snu.ac.kr
Optimize a model with 66 rows, 128 columns and 256 nonzeros
Model fingerprint: 0xb7e3c0b6
Model has 8192 quadratic objective terms
Variable types: 0 continuous, 128 integer (128 binary)
Coefficient statistics:
  Matrix range     [1e+00, 1e+00]
  Objective range  [0e+00, 0e+00]
  QObjective range [5e-10, 6e+02]
  Bounds range     [1e+00, 1e+00]
  RHS range        [1e+00, 4e+00]
Warning: Model contains large quadratic objective coefficient range
         Consider reformulating model or setting NumericFocus parameter
         to avoid numerical issues.
Found heuristic solution: objective 1797.9806966
Presolve removed 1 rows and 1 columns
Presolve time: 0.08s
Presolved: 65 rows, 127 columns, 254 nonzeros
Presolved model has 8065 quadratic objective terms
Variable types: 0 continuous, 127 integer (127 binary)

Root relaxation: objective -8.620981e+03, 112 iterations, 0.01 seconds (0.00 work units)

    Nodes    |    Current Node    |     Objective Bounds      |     Work
 Expl Unexpl |  Obj  Depth IntInf | Incumbent    BestBd   Gap | It/Node Time

     0     0 -257.59388    0  107 1797.98070 -257.59388   114%     -    0s
H    0     0                      -5.0303605 -257.59388  5021%     -    0s
H    0     0                      -5.0612412 -257.59388  4990%     -    0s
H    0     0                      -5.2089394 -257.59388  4845%     -    0s
H    0     0                      -5.3875184 -257.59388  4681%     -    0s
     0     0 -257.59388    0  107   -5.38752 -257.59388  4681%     -    0s
     0     2 -257.59388    0  107   -5.38752 -257.59388  4681%     -    0s
 58835 18111  -39.30700   74   80   -5.38752  -56.01904   940%   5.7    5s
 58895 18151  -24.62245   54  101   -5.38752  -56.01904   940%   5.7   10s

Cutting planes:
  Implied bound: 12
  MIR: 28
  Mixing: 1
  Flow cover: 178
  RLT: 38

Explored 58952 nodes (340473 simplex iterations) in 15.02 seconds (8.40 work units)
Thread count was 32 (of 36 available processors)

Solution count 5: -5.38752 -5.20894 -5.06124 ... 1797.98

Time limit reached
Best objective -5.387518364550e+00, best bound -5.601903549784e+01, gap 939.7929%
open_grid ~ integer programming took 36.108986616134644 seconds.
The Calculated objective energy is -5.388 eeVee
One of positions Na_0
One of positions Cl_2
One of positions Cl_8
One of positions Na_23
One of positions Na_29
One of positions Cl_32
One of positions Cl_42
One of positions Na_53
The Calculation time is 36.15031981468201 seconds
